11.3520779221        0.0000000000
-5.9479220779        0.0001023742
-9.5979220779        0.0001932557
0.6420779221        0.0002596354
2.7620779221        0.0003083233
3.1120779221        0.0003818338
5.7020779221        0.0004756353
6.2920779221        0.0005934567
-2.8879220779        0.0007266763
-10.7679220779        0.0008557789
-1.0079220779        0.0009396594
5.5820779221        0.0010163381
-13.3579220779        0.0010756144
-23.5979220779        0.0010965839
-18.7779220779        0.0010382217
-13.9479220779        0.0007683741
-15.9479220779        0.0005395628
-16.2979220779        0.0000338413
-14.2979220779        -0.0006132739
-7.2379220779        -0.0010820420
-8.5379220779        -0.0015881219
-11.3579220779        -0.0024607785
-5.4779220779        -0.0030591575
2.8820779221        -0.0036769682
3.3520779221        -0.0046386587
0.6420779221        -0.0052363687
5.2320779221        -0.0058242103
6.4120779221        -0.0067160696
9.7020779221        -0.0072469905
11.4720779221        -0.0077406230
1.8220779221        -0.0084645062
1.8220779221        -0.0088934380
4.6420779221        -0.0093122615
4.1720779221        -0.0099560760
3.9420779221        -0.0103338787
2.8820779221        -0.0109181646
2.6420779221        -0.0114746667
5.3520779221        -0.0117993162
10.0620779221        -0.0122847247
10.1720779221        -0.0125349033
9.3520779221        -0.0127453237
13.7020779221        -0.0130249036
19.7120779221        -0.0131132231
20.1820779221        -0.0131282344
20.8820779221        -0.0130436231
16.7620779221        -0.0128579036
16.0620779221        -0.0126017158
14.2920779221        -0.0121450084
16.7620779221        -0.0117338798
15.4720779221        -0.0112594628
10.8820779221        -0.0104852968
9.4720779221        -0.0098792291
8.0620779221        -0.0086464636
4.7620779221        -0.0079370810
3.3520779221        -0.0072067600
8.5320779221        -0.0061174754
13.7020779221        -0.0053211537
9.9420779221        -0.0044789537
7.7020779221        -0.0031855954
13.8220779221        -0.0022452946
12.4120779221        -0.0012572355
12.5320779221        0.0002752214
16.0620779221        0.0013929413
18.4120779221        0.0025737295
-12.0679220779        0.0043657900
-81.0279220779        0.0055069890
-78.6679220779        0.0066747206
-75.1379220779        0.0070899304
-19.3579220779        0.0072568385
17.7120779221        0.0073166463
18.1820779221        0.0074535128
20.0620779221        0.0076669141
3.7020779221        0.0080527443
-51.7279220779        0.0083276564
-57.1379220779        0.0083779303
-42.8979220779        0.0081781832
11.1220779221        0.0078466244
-3.7079220779        0.0072731968
-9.9479220779        0.0069184488
38.7720779221        0.0065788691
-16.0679220779        0.0061187127
-46.7779220779        0.0058132238
7.9420779221        0.0051282336
20.7720779221        0.0046721054
-10.8879220779        0.0042545756
-27.0079220779        0.0035127340
18.5320779221        0.0029829250
45.6020779221        0.0025087742
22.0620779221        0.0018691828
-17.4779220779        0.0017344070
19.4720779221        0.0016062095
-2.1779220779        0.0014107090
11.7020779221        0.0013459122
-9.1279220779        0.0012932138
-9.9479220779        0.0011299994
25.2420779221        0.0010379418
11.9420779221        0.0009983625
-19.7179220779        0.0009321667
-4.6479220779        0.0008820781
-10.4179220779        0.0007925579
-3.2379220779        0.0005598457
1.4720779221        0.0004125263
-10.7679220779        0.0002541452
-5.2379220779        -0.0000784909
-0.1779220779        -0.0002996012
11.3520779221        -0.0006593561
-2.5379220779        -0.0009741373
-12.1879220779        -0.0011554244
6.6420779221        -0.0013569832
8.7620779221        -0.0016780882
16.4120779221        -0.0018138062
16.1820779221        -0.0018917559
-0.2979220779        -0.0019691573
1.5820779221        -0.0019655762
-1.2379220779        -0.0020026114
1.4720779221        -0.0019964796
-7.9479220779        -0.0019965894
13.3520779221        -0.0019977709
14.0620779221        -0.0019748625
-8.1779220779        -0.0018825133
-8.0679220779        -0.0018168237
-2.8879220779        -0.0017782837
-10.7679220779        -0.0017643553
-0.5279220779        -0.0018344697
9.0020779221        -0.0019109328
-2.5379220779        -0.0019126612
-9.7079220779        -0.0019201713
3.4720779221        -0.0020089432
11.4720779221        -0.0020324626
-2.7679220779        -0.0020323336
0.7620779221        -0.0020687044
0.8820779221        -0.0020642446
6.4120779221        -0.0020508465
8.4120779221        -0.0020315612
9.9420779221        -0.0019480424
-4.2979220779        -0.0018405252
0.2920779221        -0.0017249037
8.6420779221        -0.0016148258
-3.7079220779        -0.0014908795
-5.7079220779        -0.0013638519
3.3520779221        -0.0012655749
3.5820779221        -0.0011511986
-4.0679220779        -0.0010223137
-4.5379220779        -0.0009156534
-3.7079220779        -0.0008258448
2.0520779221        -0.0007523337
3.3520779221        -0.0006703343
-4.0679220779        -0.0005836466
-0.2979220779        -0.0005096194
-1.3579220779        -0.0004384009
1.4720779221        -0.0003687241
2.6420779221        -0.0002998883
9.0020779221        -0.0002061107
1.4720779221        -0.0000902148
