515.0
518.0
520.0
522.0
525.0
527.0
530.0
532.0
534.0
537.0
539.0
541.0
544.0
546.0
548.0
551.0
553.0
556.0
559.0
561.0
563.0
566.0
568.0
570.0
573.0
575.0
577.0
580.0
582.0
584.0
587.0
589.0
591.0
594.0
596.0
599.0
602.0
604.0
607.0
609.0
611.0
614.0
616.0
618.0
621.0
623.0
625.0
628.0
630.0
632.0
635.0
637.0
641.0
643.0
645.0
648.0
650.0
652.0
655.0
657.0
659.0
662.0
664.0
666.0
669.0
671.0
674.0
676.0
678.0
681.0
684.0
686.0
689.0
691.0
694.0
696.0
698.0
701.0
703.0
705.0
708.0
710.0
713.0
715.0
717.0
720.0
722.0
724.0
728.0
730.0
732.0
735.0
737.0
739.0
742.0
744.0
746.0
749.0
751.0
753.0
756.0
758.0
760.0
763.0
765.0
768.0
771.0
773.0
775.0
778.0
780.0
782.0
785.0
787.0
790.0
792.0
794.0
796.0
799.0
801.0
804.0
806.0
808.0
811.0
814.0
816.0
818.0
821.0
823.0
825.0
828.0
830.0
832.0
835.0
837.0
839.0
842.0
844.0
846.0
849.0
851.0
854.0
857.0
859.0
861.0
864.0
866.0
868.0
871.0
873.0
875.0
878.0
880.0
882.0
885.0
887.0
889.0
892.0
894.0
897.0
900.0
902.0
904.0
907.0
909.0
911.0
914.0
916.0
918.0
921.0
923.0
925.0
928.0
930.0
932.0
935.0
937.0
940.0
943.0
945.0
947.0
950.0
952.0
954.0
957.0
959.0
961.0
964.0
966.0
968.0
