-8.47
-16.83
-17.65
-8.47
-6.35
-8.71
-4.0
-4.12
-10.59
-8.83
-0.82
1.29
-0.47
0.59
6.12
6.94
6.94
8.0
8.12
8.24
7.18
5.06
6.24
5.18
1.18
-3.3
-7.53
-3.77
-5.65
-9.53
-8.83
-2.35
-1.29
0.47
2.94
6.47
9.53
8.0
3.77
2.0
0.59
-0.47
-0.94
-0.24
0.12
-1.65
-5.53
-4.24
-2.82
-3.06
-2.24
-1.29
0.47
1.41
2.47
3.41
4.12
5.65
4.59
1.77
-1.29
-2.82
-0.59
1.65
1.88
3.65
4.35
-2.71
-0.47
2.47
8.94
13.3
4.0
-13.89
-1.65
-11.06
-7.3
-9.18
9.18
15.89
-14.12
4.35
-0.59
-3.41
0.0
-3.88
-4.82
-7.06
1.41
4.0
5.3
1.06
-2.24
1.65
2.94
4.94
4.35
5.06
0.12
-3.18
-4.59
-0.82
-2.12
-3.77
1.41
4.35
1.41
1.29
-1.53
-0.12
0.82
2.71
-1.29
-4.71
-3.3
1.29
3.77
3.77
2.94
1.53
-0.59
-0.94
-0.94
1.06
-0.47
-3.53
-3.3
-0.94
0.47
-0.47
0.35
0.82
0.82
0.12
2.59
2.94
0.71
-0.35
1.77
1.77
0.47
-0.71
-2.0
-3.88
-2.35
0.0
1.77
0.47
0.24
-1.29
0.94
2.47
2.47
0.94
-1.18
-1.77
-0.82
1.18
1.88
0.82
0.12
0.24
0.35
-1.06
-1.53
0.82
0.47
-0.35
-0.94
-0.47
-0.59
0.12
1.65
1.29
0.35
0.47
-1.18
-0.24
1.53
2.24
0.59
-0.24
-1.29
-1.06
0.12
0.47
-0.12
-0.71
-0.24
-0.12
