-1.41
-3.53
0.47
2.35
6.12
6.35
5.77
3.18
1.18
-2.47
-4.24
-4.82
-5.88
-8.24
-7.53
-5.3
-3.06
-1.06
2.82
5.3
6.59
7.41
5.77
4.82
2.71
0.0
-0.94
-2.12
-3.65
-4.35
-3.18
-1.41
-2.24
-1.06
1.29
2.59
2.82
2.35
2.47
2.0
1.65
2.12
1.88
1.41
1.53
-0.35
-1.29
-1.88
-1.29
-0.82
0.12
1.18
1.41
1.88
2.59
3.18
3.06
3.41
2.0
0.24
-1.88
-1.41
-1.29
-0.59
2.35
15.65
2.0
0.12
-8.12
-6.59
-9.41
-6.94
-11.53
-5.06
3.06
1.88
2.35
-3.65
3.06
-3.65
8.94
1.88
1.18
-7.65
1.18
2.47
-2.47
-3.18
-1.88
6.83
3.41
4.0
2.94
6.24
6.71
-3.18
-7.06
-2.24
1.77
0.71
-2.47
-6.24
-3.53
1.65
0.47
-0.47
-0.94
-2.59
-1.88
-1.18
0.35
2.94
4.71
2.12
1.29
0.82
2.0
1.65
-1.06
-2.94
-3.3
-0.59
0.0
-0.71
-3.41
-1.65
-1.53
-1.77
-0.59
-0.24
-0.47
-0.35
1.53
1.29
2.59
3.77
0.47
-0.71
-0.94
-1.06
0.94
-0.47
-2.35
-3.53
-1.77
0.12
-0.59
-0.82
0.12
-0.82
-1.77
-0.12
1.41
2.35
2.0
0.71
-0.59
0.24
1.65
0.94
-0.24
-2.0
-2.24
-0.35
0.24
-0.12
-1.77
-2.12
-0.59
-0.12
-0.47
-0.24
-0.24
0.35
0.24
0.71
1.65
1.53
1.06
-0.12
-0.82
0.71
0.35
-0.71
-1.41
-1.53
-0.82
-0.47
-0.12
