20.24
2.94
-0.71
9.53
11.65
12.0
14.59
15.18
6.0
-1.88
7.88
14.47
-4.47
-14.71
-9.89
-5.06
-7.06
-7.41
-5.41
1.65
0.35
-2.47
3.41
11.77
12.24
9.53
14.12
15.3
18.59
20.36
10.71
10.71
13.53
13.06
12.83
11.77
11.53
14.24
18.95
19.06
18.24
22.59
28.6
29.07
29.77
25.65
24.95
23.18
25.65
24.36
19.77
18.36
16.95
13.65
12.24
17.42
22.59
18.83
16.59
22.71
21.3
21.42
24.95
27.3
-3.18
-72.14
-69.78
-66.25
-10.47
26.6
27.07
28.95
12.59
-42.84
-48.25
-34.01
20.01
5.18
-1.06
47.66
-7.18
-37.89
16.83
29.66
-2.0
-18.12
27.42
54.49
30.95
-8.59
28.36
6.71
20.59
-0.24
-1.06
34.13
20.83
-10.83
4.24
-1.53
5.65
10.36
-1.88
3.65
8.71
20.24
6.35
-3.3
15.53
17.65
25.3
25.07
8.59
10.47
7.65
10.36
0.94
22.24
22.95
0.71
0.82
6.0
-1.88
8.36
17.89
6.35
-0.82
12.36
20.36
6.12
9.65
9.77
15.3
17.3
18.83
4.59
9.18
17.53
5.18
3.18
12.24
12.47
4.82
4.35
5.18
10.94
12.24
4.82
8.59
7.53
10.36
11.53
17.89
10.36
7.3
17.77
9.65
10.83
13.65
9.18
7.88
12.12
6.12
7.18
6.35
11.41
3.88
6.0
12.59
9.3
8.24
9.53
9.65
11.89
10.83
14.47
11.53
8.59
16.0
8.71
6.24
13.3
9.41
7.06
5.88
11.89
9.89
3.06
7.88
